2455260.85642 18.577 0.034 3.84 605.0
2455260.90333 18.635 0.041 3.84 924.0
2455261.79455 18.662 0.046 4.92 624.0
2455264.81743 18.624 0.048 4.79 954.0
2455264.87069 18.722 0.060 5.63 870.0
2455264.88799 18.637 0.048 4.81 841.0
2455265.79359 18.642 0.034 4.97 389.0
2455266.78171 18.691 0.041 5.10 443.0
2455267.82354 18.657 0.030 4.22 364.0
2455268.79480 18.620 0.038 5.55 398.0
2455269.78963 18.618 0.031 4.60 393.0
2455270.83404 18.675 0.030 3.61 352.0
2455271.78911 18.617 0.032 4.36 416.0
2455272.79595 18.576 0.038 5.86 377.0
2455273.85054 18.669 0.033 4.81 338.0
2455274.79929 18.681 0.036 4.75 391.0
2455275.78503 18.622 0.045 6.44 499.0
2455275.91632 18.616 0.055 4.30 1208.0
2455276.81989 18.701 0.032 4.22 355.0
2455277.78610 18.633 0.032 4.61 367.0
2455277.91527 18.702 0.051 5.34 631.0
2455278.79614 18.624 0.036 5.47 388.0
2455279.79668 18.684 0.045 5.89 390.0
2455280.84895 18.608 0.029 3.94 397.0
2455281.78388 18.635 0.031 3.94 436.0
2455282.76436 18.618 0.041 4.68 585.0
2455282.90910 18.634 0.031 3.89 422.0
2455283.76552 18.695 0.050 5.73 597.0
2455284.76755 18.594 0.045 5.27 716.0
2455285.76316 18.670 0.056 5.67 827.0
2455285.89257 18.629 0.044 5.24 642.0
2455286.75438 18.625 0.045 4.20 782.0
2455287.82406 18.793 0.046 4.76 627.0
2455288.75740 18.576 0.042 4.69 746.0
2455292.82752 18.657 0.048 4.01 1193.0
2455293.83550 18.660 0.033 4.05 389.0
2455294.75080 18.668 0.033 4.57 348.0
2455295.75179 18.647 0.034 4.86 331.0
2455296.79604 18.670 0.027 3.69 325.0
2455297.82719 18.654 0.025 3.18 328.0
2455298.86593 18.581 0.027 3.99 355.0
2455299.85002 18.592 0.020 3.90 263.0
2455301.77911 18.679 0.035 4.81 369.0
2455304.73950 18.570 0.043 6.62 489.0
2455306.71223 18.598 0.035 5.87 397.0
2455307.73800 18.631 0.037 5.69 399.0
2455308.73047 18.632 0.043 6.10 399.0
2455309.79686 18.642 0.035 5.63 360.0
2455310.77905 18.656 0.037 5.67 391.0
2455311.87904 18.655 0.038 5.21 406.0
2455312.87368 18.655 0.042 5.33 536.0
2455313.90212 18.708 0.050 5.21 677.0
2455314.85022 18.700 0.051 5.48 796.0
2455315.77596 18.608 0.044 4.62 814.0
2455316.72879 18.767 0.061 5.21 865.0
2455319.86915 18.510 0.087 4.28 4527.0
2455320.76965 18.722 0.066 5.13 1372.0
2455321.71677 18.649 0.039 5.17 504.0
2455321.91095 18.676 0.040 4.53 557.0
2455322.88241 18.593 0.039 4.72 605.0
2455323.82797 18.717 0.038 5.16 500.0
2455324.75883 18.689 0.039 5.20 404.0
2455325.65338 18.689 0.036 4.54 452.0
2455325.87551 18.681 0.033 3.76 423.0
2455326.80013 18.678 0.032 4.35 360.0
2455327.74847 18.690 0.034 4.38 337.0
2455328.61216 18.604 0.037 4.95 524.0
2455328.87192 18.652 0.036 4.15 442.0
2455334.77955 18.617 0.027 3.63 366.0
2455335.76346 18.672 0.029 3.86 370.0
2455336.80854 18.729 0.043 5.34 435.0
2455337.86281 18.692 0.047 5.54 537.0
2455338.88156 18.721 0.059 6.54 570.0
2455339.89683 18.696 0.066 6.88 714.0
2455340.83823 18.697 0.055 6.14 598.0
2455341.73319 18.645 0.036 4.32 538.0
2455342.59807 18.672 0.063 6.06 872.0
2455342.79325 18.532 0.043 5.39 668.0
2455343.61778 18.607 0.056 5.50 1036.0
2455343.81013 18.593 0.046 4.93 863.0
2455348.73047 18.630 0.046 5.96 506.0
2455349.59345 18.720 0.056 6.72 511.0
2455350.64670 18.624 0.045 6.51 402.0
2455351.72147 18.712 0.036 4.58 400.0
2455352.73767 18.697 0.035 4.43 391.0
2455353.70486 18.687 0.031 3.95 344.0
2455354.65038 18.636 0.037 5.57 362.0
2455355.59146 18.671 0.035 4.36 481.0
2455355.90195 18.516 0.043 6.08 552.0
2455358.73699 18.614 0.036 5.38 374.0
2455359.62527 18.637 0.043 5.55 488.0
2455359.86161 18.588 0.044 5.50 567.0
2455362.76868 18.621 0.034 4.73 415.0
2455364.74097 18.543 0.038 6.05 383.0
2455364.87464 18.630 0.040 5.97 382.0
2455365.83328 18.598 0.040 5.64 434.0
2455369.78966 18.647 0.056 5.38 895.0
2455376.76457 18.599 0.047 5.42 613.0
2455377.68659 18.701 0.038 4.80 423.0
2455378.51340 18.678 0.039 5.02 434.0
2455378.81663 18.712 0.039 5.27 477.0
2455379.72060 18.576 0.033 4.64 376.0
2455380.81521 18.724 0.053 6.38 436.0
2455381.69029 18.611 0.037 5.49 378.0
2455382.55394 18.636 0.052 7.37 396.0
2455382.76069 18.647 0.047 6.79 409.0
2455385.51292 18.648 0.036 4.70 488.0
2455386.48657 18.683 0.038 4.46 693.0
2455386.56878 18.611 0.032 4.86 535.0
2455386.65242 18.687 0.034 5.18 435.0
2455386.78475 18.646 0.030 3.86 325.0
2455387.76960 18.611 0.031 4.68 308.0
2455388.68071 18.600 0.030 4.79 247.0
2455389.54767 18.618 0.033 5.24 311.0
2455390.55517 18.607 0.041 6.30 345.0
2455390.81219 18.639 0.034 5.62 275.0
2455391.79807 18.720 0.042 4.98 446.0
2455392.66770 18.591 0.033 5.40 322.0
2455393.70652 18.553 0.039 6.65 281.0
2455396.60242 18.712 0.042 5.42 405.0
2455397.66592 18.637 0.047 6.81 390.0
2455402.67584 18.634 0.056 5.47 889.0
2455403.63811 18.665 0.038 3.92 716.0
2455404.50962 18.670 0.042 4.67 544.0
2455404.70679 18.654 0.045 5.04 572.0
2455405.72245 18.635 0.043 5.24 480.0
2455407.57576 18.609 0.046 6.98 325.0
2455407.76947 18.657 0.050 6.18 477.0
2455408.69890 18.641 0.041 5.84 387.0
2455409.63184 18.675 0.028 4.36 267.0
2455410.63539 18.599 0.034 5.53 295.0
2455411.67205 18.675 0.027 3.74 298.0
2455412.63271 18.619 0.039 5.68 374.0
2455413.66345 18.643 0.026 3.97 258.0
2455414.71077 18.631 0.028 3.55 321.0
2455418.60094 18.575 0.027 4.27 276.0
2455421.62810 18.598 0.032 5.54 289.0
2455422.67379 18.606 0.029 4.63 271.0
2455425.53784 18.675 0.036 5.00 386.0
2455430.53278 18.603 0.051 6.02 676.0
2455431.53354 18.703 0.043 5.52 527.0
2455434.49636 18.673 0.049 6.46 444.0
2455434.70884 18.726 0.049 5.26 651.0
2455435.71340 18.680 0.042 4.82 559.0
2455438.50220 18.609 0.052 7.09 435.0
2455439.57178 18.670 0.041 5.10 383.0
2455443.58581 18.633 0.037 5.46 385.0
2455444.61118 18.624 0.040 5.86 367.0
2455446.48763 18.636 0.041 5.72 396.0
2455447.50586 18.651 0.028 3.74 354.0
2455448.57859 18.656 0.041 5.90 360.0
2455450.52194 18.644 0.042 6.00 367.0
2455451.65088 18.621 0.043 5.16 429.0
2455457.54569 18.648 0.030 4.06 466.0
2455458.57684 18.575 0.038 4.94 560.0
2455459.60811 18.609 0.036 4.54 610.0
2455462.50246 18.701 0.043 5.16 492.0
2455463.63366 18.652 0.054 5.99 693.0
2455464.60143 18.541 0.050 6.89 549.0
2455465.51437 18.687 0.046 6.35 403.0
2455468.58051 18.640 0.049 6.62 431.0
2455471.55160 18.688 0.042 5.54 381.0
2455472.60149 18.616 0.043 6.12 455.0
2455480.52485 18.680 0.045 5.58 455.0
2455485.52625 18.530 0.044 5.22 596.0
2455487.50986 18.697 0.045 5.04 564.0
2455489.50878 18.691 0.051 5.48 606.0
2455492.53420 18.681 0.066 6.00 923.0
2455497.51739 18.697 0.047 5.47 555.0
2455598.86836 18.668 0.037 5.45 404.0
2455599.85849 18.704 0.037 4.69 396.0
2455600.85494 18.666 0.038 5.67 410.0
2455607.88362 18.680 0.033 3.90 494.0
2455614.88036 18.641 0.037 4.91 490.0
2455620.86042 18.683 0.036 5.01 392.0
2455624.82114 18.570 0.035 5.41 377.0
2455625.78321 18.563 0.044 6.79 441.0
2455627.80798 18.714 0.049 6.84 362.0
2455629.78734 18.591 0.038 6.12 341.0
2455630.77991 18.538 0.034 5.94 387.0
2455632.77661 18.778 0.060 7.45 607.0
2455634.76153 18.779 0.044 5.68 403.0
2455635.83405 18.637 0.046 6.73 383.0
2455638.75435 18.600 0.050 5.86 964.0
2455639.75577 18.653 0.047 5.09 692.0
2455639.83189 18.675 0.038 4.51 519.0
2455639.90760 18.593 0.038 5.51 541.0
2455640.76198 18.768 0.060 5.65 731.0
2455640.84324 18.627 0.047 5.83 548.0
2455641.76768 18.624 0.040 5.03 627.0
2455641.89247 18.675 0.043 6.88 479.0
2455642.83201 18.702 0.041 4.70 580.0
2455643.75879 18.577 0.041 4.95 698.0
2455643.85683 18.639 0.034 4.16 570.0
2455644.76271 18.623 0.075 5.88 1701.0
2455644.87770 18.605 0.037 4.99 610.0
2455648.74852 18.552 0.038 6.36 363.0
2455648.85506 18.723 0.034 4.93 337.0
2455649.75433 18.597 0.033 5.61 297.0
2455649.86097 18.600 0.031 5.64 295.0
2455650.74640 18.648 0.031 5.15 316.0
2455650.84782 18.609 0.030 5.32 306.0
2455651.76706 18.627 0.031 4.79 317.0
2455651.88046 18.671 0.036 6.11 330.0
2455652.80865 18.698 0.029 4.50 282.0
2455653.77710 18.644 0.026 3.91 311.0
2455654.77980 18.612 0.032 4.76 332.0
2455654.87021 18.660 0.031 5.13 300.0
2455655.78139 18.640 0.034 4.99 365.0
2455655.86419 18.623 0.029 5.23 307.0
2455656.81544 18.673 0.029 3.92 363.0
2455657.77782 18.602 0.025 3.64 337.0
2455657.86194 18.604 0.029 4.70 327.0
2455658.77253 18.650 0.039 6.13 445.0
2455658.86980 18.600 0.032 5.57 298.0
2455659.72662 18.606 0.035 5.76 356.0
2455659.80348 18.656 0.031 5.05 324.0
2455659.89248 18.642 0.029 4.47 299.0
2455660.77608 18.599 0.031 5.56 301.0
2455660.87510 18.613 0.039 6.25 302.0
2455662.76818 18.586 0.036 6.22 348.0
2455662.86818 18.666 0.031 4.39 385.0
2455663.77077 18.564 0.035 5.44 381.0
2455664.81405 18.626 0.037 5.61 358.0
2455664.91813 18.676 0.037 5.04 381.0
2455665.80068 18.630 0.028 4.70 296.0
2455665.91253 18.671 0.028 3.87 337.0
2455667.85595 18.642 0.025 3.46 363.0
2455668.87512 18.607 0.043 5.32 609.0
2455669.85351 18.625 0.032 3.69 593.0
2455670.84250 18.686 0.047 4.93 689.0
2455675.72309 18.585 0.035 4.65 513.0
2455675.91314 18.789 0.043 5.19 452.0
2455676.80647 18.679 0.030 4.71 353.0
2455677.76290 18.649 0.033 5.07 374.0
2455679.68531 18.643 0.034 4.73 375.0
2455679.87209 18.597 0.034 5.35 374.0
2455680.75083 18.705 0.034 4.62 336.0
2455681.66381 18.596 0.037 5.31 454.0
2455681.84642 18.601 0.032 4.48 421.0
2455682.73198 18.643 0.033 4.88 395.0
2455682.86935 18.701 0.031 4.01 425.0
2455683.68602 18.581 0.030 4.70 394.0
2455683.90588 18.610 0.028 3.56 437.0
2455684.82047 18.727 0.034 4.23 356.0
2455685.79489 18.640 0.026 3.76 329.0
2455686.69550 18.596 0.032 5.25 380.0
2455686.89091 18.673 0.045 6.44 394.0
2455687.78150 18.577 0.028 4.76 354.0
2455689.68953 18.650 0.032 5.21 340.0
2455690.69391 18.586 0.035 6.15 309.0
2455690.90755 18.485 0.040 6.97 518.0
2455691.82703 18.650 0.036 5.57 388.0
2455692.72192 18.607 0.032 4.95 408.0
2455692.88626 18.628 0.034 4.15 555.0
2455693.75490 18.586 0.026 3.76 371.0
2455693.90745 18.713 0.040 5.06 584.0
2455694.75315 18.648 0.039 5.36 484.0
2455694.91516 18.680 0.042 5.90 495.0
2455695.79764 18.637 0.030 4.25 417.0
2455696.60166 18.651 0.054 5.47 794.0
2455696.78381 18.686 0.035 4.84 453.0
2455697.61708 18.671 0.045 4.69 773.0
2455697.79323 18.626 0.035 4.09 626.0
2455698.62214 18.740 0.077 6.09 1255.0
2455698.79064 18.655 0.046 4.75 985.0
2455703.71753 18.625 0.061 8.63 620.0
2455705.75537 18.590 0.045 6.67 473.0
2455706.57793 18.511 0.052 8.38 486.0
2455707.59177 18.662 0.035 5.15 408.0
2455707.76402 18.673 0.032 4.53 399.0
2455707.93099 18.594 0.048 6.85 698.0
2455708.75556 18.729 0.043 6.33 328.0
2455709.59908 18.674 0.035 5.64 339.0
2455712.63684 18.679 0.050 6.82 435.0
2455712.64937 18.594 0.037 5.85 410.0
2455712.83198 18.642 0.031 4.55 389.0
2455713.84685 18.602 0.034 5.71 366.0
2455715.79356 18.593 0.029 4.54 317.0
2455716.66661 18.690 0.040 6.27 310.0
2455716.67933 18.660 0.047 7.37 308.0
2455716.85546 18.684 0.043 6.45 421.0
2455721.76723 18.699 0.034 5.03 365.0
2455722.56009 18.669 0.037 4.66 508.0
2455722.57342 18.642 0.032 4.28 492.0
2455722.79271 18.645 0.032 4.16 446.0
2455723.67018 18.675 0.037 5.40 378.0
2455723.82979 18.618 0.031 4.78 372.0
2455724.70280 18.688 0.042 5.62 426.0
2455725.61982 18.671 0.033 4.27 490.0
2455726.53484 18.669 0.077 6.17 1443.0
2455726.71442 18.600 0.055 4.12 1778.0
2455734.69150 18.698 0.046 6.66 356.0
2455734.87550 18.699 0.059 7.36 514.0
2455735.82196 18.609 0.034 4.85 413.0
2455736.56693 18.608 0.033 4.81 429.0
2455736.77275 18.695 0.029 3.96 353.0
2455737.56292 18.643 0.033 4.76 388.0
2455737.75372 18.682 0.028 3.94 302.0
2455738.59231 18.699 0.038 5.76 318.0
2455739.50587 18.562 0.041 5.35 536.0
2455739.65876 18.634 0.027 4.49 279.0
2455739.84852 18.628 0.037 5.26 405.0
2455740.64989 18.592 0.037 6.44 299.0
2455740.83700 18.691 0.042 6.00 428.0
2455741.60724 18.718 0.033 4.70 305.0
2455741.78618 18.638 0.029 3.85 318.0
2455742.53801 18.603 0.038 4.78 475.0
2455742.71902 18.708 0.028 3.96 274.0
2455742.87405 18.577 0.032 4.82 439.0
2455743.76887 18.665 0.039 5.37 390.0
2455744.52660 18.570 0.044 6.20 480.0
2455744.73142 18.631 0.030 4.83 301.0
2455745.51531 18.681 0.047 6.84 393.0
2455745.70196 18.643 0.032 4.97 344.0
2455745.86912 18.613 0.052 7.34 448.0
2455746.68565 18.744 0.035 5.14 304.0
2455746.73029 18.721 0.046 6.69 320.0
2455746.78541 18.743 0.044 6.19 357.0
2455747.61717 18.652 0.056 7.92 374.0
2455747.81733 18.532 0.054 8.11 410.0
2455749.56643 18.700 0.040 6.06 349.0
2455749.73305 18.711 0.043 6.55 323.0
2455752.61676 18.778 0.057 5.93 563.0
2455753.50278 18.672 0.097 7.23 1859.0
2455753.77139 18.803 0.074 6.43 975.0
2455759.83853 18.610 0.057 5.90 849.0
2455760.50611 18.611 0.060 8.12 473.0
2455760.70279 18.718 0.042 5.21 485.0
2455761.52254 18.735 0.025 4.17 331.0
2455762.56557 18.660 0.044 6.59 369.0
2455762.72194 18.611 0.040 5.48 403.0
2455763.61637 18.579 0.034 5.58 353.0
2455763.78758 18.752 0.052 5.98 543.0
2455764.60928 18.675 0.029 4.32 335.0
2455765.48478 18.705 0.041 5.22 476.0
2455765.67865 18.758 0.038 4.67 443.0
2455766.53678 18.700 0.033 5.01 321.0
2455766.72591 18.588 0.036 6.22 298.0
2455767.60564 18.684 0.043 5.98 376.0
2455768.47504 18.710 0.041 5.59 421.0
2455768.66518 18.630 0.027 4.53 325.0
2455769.50049 18.761 0.040 5.14 403.0
2455769.71365 18.699 0.033 4.67 342.0
2455775.55571 18.649 0.047 7.07 322.0
2455776.63715 18.749 0.042 6.28 283.0
2455777.55958 18.601 0.029 4.84 350.0
2455778.49325 18.738 0.058 6.96 478.0
2455779.63118 18.689 0.028 3.93 333.0
2455785.65744 18.672 0.048 5.61 614.0
2455786.60133 18.684 0.042 4.91 542.0
2455787.63808 18.659 0.035 4.26 545.0
2455788.55837 18.629 0.038 4.76 455.0
2455788.72312 18.632 0.062 7.60 621.0
2455790.61742 18.697 0.049 6.96 388.0
2455791.51445 18.614 0.042 6.13 384.0
2455793.62570 18.721 0.037 5.56 340.0
2455794.50932 18.566 0.034 5.48 337.0
2455794.70647 18.689 0.040 5.50 429.0
2455796.48003 18.721 0.039 5.52 388.0
2455796.67977 18.670 0.039 5.82 371.0
2455801.59938 18.692 0.045 6.83 321.0
2455802.59311 18.723 0.058 7.99 353.0
2455804.58510 18.552 0.034 5.62 339.0
2455805.54676 18.597 0.031 5.13 327.0
2455806.54208 18.665 0.044 5.65 432.0
2455807.66230 18.617 0.054 7.36 398.0
2455812.64787 18.584 0.060 5.82 911.0
2455813.62836 18.699 0.037 4.12 614.0
2455815.60603 18.554 0.031 3.68 594.0
2455816.57714 18.638 0.040 4.89 573.0
2455817.57817 18.541 0.043 5.60 527.0
2455818.55976 18.606 0.046 6.11 508.0
2455819.56810 18.674 0.039 4.84 509.0
2455820.54608 18.628 0.040 5.43 445.0
2455822.52680 18.690 0.047 6.63 335.0
2455822.61524 18.708 0.045 5.94 374.0
2455823.54669 18.471 0.042 6.40 412.0
2455823.63071 18.766 0.058 7.00 454.0
2455824.56825 18.675 0.032 4.34 357.0
2455825.48907 18.680 0.050 6.32 466.0
2455825.58492 18.701 0.040 5.26 452.0
2455826.50811 18.623 0.041 5.57 394.0
2455826.59629 18.556 0.044 6.35 481.0
2455827.53416 18.832 0.061 6.24 506.0
2455827.61457 18.599 0.047 7.15 469.0
2455828.54754 18.551 0.031 4.63 362.0
2455828.61991 18.669 0.039 5.02 464.0
2455829.55833 18.635 0.030 4.43 442.0
2455830.48426 18.618 0.034 4.57 467.0
2455830.57124 18.626 0.035 5.79 398.0
2455831.54341 18.709 0.037 5.51 396.0
2455831.61653 18.658 0.046 7.47 466.0
2455832.56643 18.603 0.036 5.64 443.0
2455833.52470 18.667 0.033 4.41 383.0
2455833.60221 18.633 0.042 6.43 419.0
2455834.56166 18.562 0.031 5.39 394.0
2455835.54510 18.692 0.055 6.62 460.0
2455836.54075 18.758 0.059 5.56 816.0
2455839.48729 18.726 0.060 6.49 708.0
2455839.56616 18.689 0.057 5.45 873.0
2455840.51715 18.723 0.047 5.11 537.0
2455840.61149 18.787 0.062 6.19 673.0
2455841.54006 18.616 0.051 5.78 637.0
2455842.48762 18.664 0.090 8.12 784.0
2455842.58870 18.641 0.057 6.43 670.0
2455843.54295 18.686 0.049 6.08 530.0
2455844.48664 18.706 0.067 6.17 860.0
2455844.56756 18.721 0.059 6.24 655.0
2455845.52853 18.680 0.062 6.93 629.0
2455846.48909 18.618 0.077 6.87 977.0
2455846.56951 18.517 0.066 7.02 885.0
2455847.54496 18.815 0.086 7.81 735.0
2455850.51611 18.666 0.038 4.87 493.0
2455851.55580 18.620 0.042 6.15 438.0
2455852.50704 18.611 0.057 6.62 623.0
2455854.49641 18.648 0.062 6.29 711.0
2455854.56002 18.599 0.068 8.27 689.0
2455855.55496 18.657 0.058 6.71 605.0
2455857.49897 18.557 0.061 8.26 624.0
2455859.49809 18.724 0.064 5.98 771.0
2455860.51162 18.525 0.043 5.81 530.0
2455861.53393 18.716 0.055 6.82 560.0
2455969.89034 18.589 0.054 4.69 1344.0
2455976.85524 18.629 0.033 4.99 351.0
2455977.84726 18.555 0.037 5.54 458.0
2455978.86544 18.664 0.033 5.07 353.0
2455979.86989 18.524 0.031 5.12 387.0
2455982.81717 18.578 0.030 4.88 377.0
2455982.90308 18.497 0.050 4.45 1413.0
2455983.89664 18.656 0.027 3.50 439.0
2455984.88979 18.637 0.028 3.85 357.0
2455985.86470 18.716 0.037 4.94 376.0
2455986.84627 18.516 0.028 4.59 374.0
2455987.81103 18.627 0.042 5.70 460.0
2455988.81282 18.639 0.040 5.80 414.0
2455988.89776 18.681 0.034 4.10 474.0
2455989.87322 18.664 0.034 5.18 293.0
2455990.83753 18.621 0.031 5.01 337.0
2455991.81114 18.662 0.043 5.85 460.0
2455991.90557 18.538 0.034 4.13 671.0
2455992.87162 18.573 0.026 3.84 340.0
2455993.85236 18.548 0.036 5.00 449.0
2455994.81984 18.738 0.045 4.86 665.0
2455994.90990 18.565 0.040 4.11 971.0
2455995.83718 18.575 0.029 3.53 545.0
2455996.78638 18.644 0.048 6.22 575.0
2455996.87370 18.683 0.031 4.11 432.0
2455997.82051 18.722 0.043 5.62 486.0
2455997.90678 18.587 0.035 4.49 602.0
2455998.86170 18.612 0.035 5.47 443.0
2455999.79353 18.598 0.037 4.86 527.0
2455999.88050 18.695 0.033 4.20 443.0
2456003.86842 18.620 0.039 5.69 429.0
2456004.80109 18.653 0.040 6.01 408.0
2456004.89658 18.651 0.031 4.59 362.0
2456005.82010 18.606 0.036 5.69 326.0
2456006.76248 18.710 0.031 4.18 349.0
2456006.86517 18.540 0.024 3.72 310.0
2456007.76851 18.623 0.035 5.75 315.0
2456007.86393 18.621 0.032 5.84 282.0
2456008.76210 18.599 0.030 4.57 387.0
2456008.85942 18.602 0.031 4.88 337.0
2456009.75819 18.652 0.030 4.14 384.0
2456009.85968 18.639 0.031 4.67 377.0
2456010.75275 18.609 0.042 5.70 507.0
2456010.85340 18.627 0.026 3.97 334.0
2456011.73738 18.655 0.038 5.45 430.0
2456011.84961 18.543 0.038 3.96 794.0
2456012.74792 18.753 0.038 5.93 312.0
2456012.84817 18.632 0.026 3.91 271.0
2456013.75450 18.656 0.037 6.07 316.0
2456013.83336 18.617 0.028 4.78 285.0
2456014.73059 18.665 0.040 6.13 359.0
2456014.80750 18.636 0.027 4.42 296.0
2456014.90690 18.625 0.041 6.38 309.0
2456015.78572 18.655 0.025 3.91 292.0
2456015.87403 18.652 0.025 3.73 281.0
2456016.76733 18.556 0.027 4.42 335.0
2456016.87042 18.622 0.027 4.52 314.0
2456017.75536 18.683 0.026 3.86 326.0
2456017.83277 18.611 0.024 3.76 289.0
2456018.72414 18.704 0.058 7.71 345.0
2456018.82114 18.679 0.035 5.81 288.0
2456019.72182 18.635 0.042 6.28 414.0
2456019.81822 18.584 0.034 6.01 295.0
2456019.89528 18.635 0.027 4.31 286.0
2456020.75408 18.654 0.030 4.46 354.0
2456020.84836 18.659 0.024 3.87 274.0
2456020.92858 18.711 0.084 5.13 2294.0
2456021.77728 18.557 0.028 4.51 391.0
2456021.85473 18.621 0.026 4.02 334.0
2456022.72584 18.759 0.051 5.39 698.0
2456022.80228 18.599 0.030 4.25 414.0
2456022.89980 18.617 0.028 4.58 352.0
2456023.75900 18.688 0.034 4.03 546.0
2456023.84059 18.630 0.033 4.29 493.0
2456024.71655 18.569 0.045 5.64 710.0
2456024.79588 18.530 0.031 4.48 535.0
2456024.90815 18.610 0.037 4.77 547.0
2456025.70013 18.631 0.058 6.44 740.0
2456025.77970 18.652 0.044 5.44 565.0
2456025.88389 18.593 0.037 4.66 534.0
2456029.89962 18.598 0.031 4.10 460.0
2456031.75623 18.538 0.033 6.08 359.0
2456032.68555 18.533 0.043 6.76 475.0
2456032.86233 18.669 0.029 4.27 335.0
2456033.78601 18.596 0.032 5.23 342.0
2456034.74009 18.670 0.027 3.87 317.0
2456035.87289 18.647 0.035 4.95 387.0
2456036.86562 18.604 0.025 3.70 373.0
2456037.82321 18.630 0.036 5.33 378.0
2456038.77871 18.638 0.030 5.15 306.0
2456039.77639 18.574 0.038 6.16 352.0
2456040.76416 18.640 0.032 5.13 339.0
2456041.71214 18.522 0.031 5.82 352.0
2456041.90316 18.651 0.029 4.14 398.0
2456047.68190 18.662 0.036 5.21 404.0
2456047.87330 18.616 0.031 4.35 410.0
2456048.80134 18.689 0.031 4.25 297.0
2456049.70858 18.560 0.027 4.02 422.0
2456049.90266 18.631 0.030 3.96 385.0
2456050.80749 18.543 0.027 3.77 440.0
2456051.73077 18.585 0.030 4.17 477.0
2456052.79145 18.615 0.032 4.08 547.0
2456053.64178 18.635 0.060 5.41 1182.0
2456053.83639 18.601 0.035 3.72 785.0
2456054.91198 18.647 0.058 3.31 2414.0
2456058.67899 18.598 0.039 5.91 404.0
2456058.84904 18.611 0.035 5.26 408.0
2456059.73673 18.696 0.037 5.32 366.0
2456059.91301 18.582 0.030 4.42 411.0
2456061.81438 18.688 0.036 5.05 390.0
2456062.68415 18.632 0.036 5.22 422.0
2456062.86319 18.664 0.037 4.59 473.0
2456063.83201 18.701 0.049 6.74 353.0
2456064.75482 18.602 0.022 3.30 360.0
2456064.93980 18.566 0.044 4.62 1029.0
2456065.78813 18.614 0.033 5.34 413.0
2456066.70262 18.552 0.030 4.79 371.0
2456066.88790 18.711 0.031 3.76 439.0
2456067.68952 18.489 0.029 5.18 334.0
2456067.86751 18.636 0.028 3.38 419.0
2456068.70014 18.618 0.029 4.10 355.0
2456068.91527 18.695 0.033 4.50 456.0
2456069.66657 18.743 0.033 4.39 335.0
2456069.85484 18.667 0.026 3.54 316.0
2456070.65389 18.625 0.039 5.86 374.0
2456070.83068 18.577 0.029 4.72 338.0
2456071.62852 18.564 0.030 5.12 313.0
2456071.80959 18.652 0.032 4.79 338.0
2456075.61128 18.584 0.028 4.29 348.0
2456075.79325 18.608 0.023 3.44 292.0
2456076.64402 18.597 0.036 5.93 384.0
2456076.82578 18.694 0.030 4.36 350.0
2456077.76265 18.504 0.030 6.17 311.0
2456077.94203 18.549 0.046 5.70 772.0
2456078.76412 18.591 0.025 3.56 377.0
2456079.56245 18.716 0.047 5.26 574.0
2456079.74016 18.638 0.030 4.21 382.0
2456079.92067 18.636 0.035 5.10 469.0
2456080.69482 18.636 0.031 4.43 462.0
2456080.87329 18.599 0.034 4.99 465.0
2456081.64489 18.620 0.047 5.76 630.0
2456081.82726 18.634 0.038 4.47 624.0
2456082.63631 18.476 0.055 6.24 858.0
2456082.84146 18.670 0.054 4.93 1018.0
2456085.65060 18.511 0.034 4.87 542.0
2456085.81284 18.526 0.048 6.55 521.0
2456086.58629 18.679 0.039 5.36 427.0
2456086.76999 18.666 0.033 4.50 415.0
2456087.54824 18.559 0.039 6.50 368.0
2456087.84802 18.724 0.048 5.62 501.0
2456088.69008 18.559 0.025 4.38 314.0
2456089.80615 18.696 0.039 5.08 462.0
2456092.65234 18.563 0.041 7.18 327.0
2456093.56459 18.588 0.038 6.19 359.0
2456093.76716 18.628 0.032 5.35 315.0
2456094.61806 18.581 0.037 5.87 395.0
2456094.79079 18.596 0.031 5.02 373.0
2456096.60436 18.621 0.035 5.90 327.0
2456096.80323 18.563 0.032 5.13 379.0
2456097.73000 18.673 0.041 6.57 327.0
2456097.89415 18.630 0.046 5.89 514.0
2456098.68765 18.705 0.040 6.22 342.0
2456098.86801 18.550 0.041 6.12 457.0
2456100.54239 18.703 0.045 6.41 407.0
2456100.73697 18.618 0.032 4.68 371.0
2456101.51395 18.583 0.037 5.22 468.0
2456101.66735 18.661 0.030 4.91 309.0
2456101.85457 18.614 0.045 6.02 557.0
2456102.64952 18.586 0.030 5.20 337.0
2456102.80788 18.644 0.029 3.63 424.0
2456103.55774 18.656 0.035 4.30 439.0
2456103.73813 18.599 0.030 4.82 347.0
2456104.55769 18.606 0.028 4.31 406.0
2456104.72281 18.620 0.022 3.16 298.0
2456104.88218 18.576 0.036 5.80 434.0
2456105.66883 18.588 0.031 5.45 300.0
2456106.65253 18.655 0.046 6.02 514.0
2456108.64916 18.629 0.035 5.18 447.0
2456108.82444 18.617 0.036 4.64 553.0
2456109.81180 18.507 0.044 4.49 980.0
2456113.61683 18.536 0.038 5.13 660.0
2456113.77541 18.709 0.039 3.85 720.0
2456114.62347 18.616 0.043 6.08 499.0
2456114.79795 18.570 0.036 4.43 574.0
2456115.56121 18.623 0.038 5.80 429.0
2456115.77702 18.506 0.040 6.82 374.0
2456116.61262 18.589 0.027 4.58 328.0
2456116.78523 18.531 0.029 4.58 369.0
2456117.57952 18.609 0.032 5.37 332.0
2456117.76022 18.602 0.032 4.48 405.0
2456118.53301 18.687 0.036 5.27 364.0
2456118.72121 18.612 0.027 4.74 293.0
2456119.49559 18.654 0.056 8.26 353.0
2456119.67509 18.623 0.028 4.96 271.0
2456120.51113 18.618 0.040 5.77 384.0
2456120.70590 18.668 0.038 6.59 248.0
2456121.50296 18.530 0.026 5.00 316.0
2456121.68367 18.647 0.025 4.29 249.0
2456123.54153 18.551 0.038 6.38 360.0
2456123.71682 18.586 0.034 6.34 265.0
2456124.51420 18.633 0.040 5.94 354.0
2456124.72448 18.568 0.027 4.64 317.0
2456125.52683 18.560 0.035 5.87 354.0
2456125.72905 18.648 0.028 4.17 299.0
2456126.55991 18.652 0.037 6.76 284.0
2456126.77321 18.617 0.036 5.78 343.0
2456127.73994 18.635 0.034 5.89 262.0
2456128.66203 18.625 0.026 4.08 311.0
2456131.53526 18.640 0.039 6.48 285.0
2456132.54228 18.509 0.031 5.34 315.0
2456132.79920 18.681 0.041 5.55 400.0
2456133.72484 18.584 0.030 4.87 318.0
2456134.63247 18.521 0.033 5.83 321.0
2456135.60897 18.638 0.038 6.07 361.0
2456135.81162 18.618 0.041 6.02 414.0
2456140.61023 18.609 0.060 7.17 654.0
2456140.76861 18.545 0.075 7.40 1098.0
2456141.63204 18.495 0.037 5.27 563.0
2456141.78404 18.463 0.047 5.57 938.0
2456143.71947 18.456 0.050 6.97 567.0
2456147.69129 18.719 0.048 7.26 304.0
2456148.62735 18.586 0.026 4.48 269.0
2456149.74199 18.584 0.047 7.23 398.0
2456150.66679 18.611 0.043 7.16 302.0
2456151.64801 18.519 0.034 6.32 292.0
2456152.52570 18.548 0.032 6.14 275.0
2456153.72264 18.714 0.049 6.52 377.0
2456154.70684 18.611 0.036 5.93 316.0
2456158.55361 18.521 0.029 5.68 351.0
2456158.72222 18.653 0.033 4.34 447.0
2456159.68694 18.545 0.048 7.20 399.0
2456160.64818 18.631 0.036 5.61 320.0
2456161.54405 18.585 0.045 7.57 290.0
2456164.53311 18.540 0.045 4.73 1039.0
2456167.52697 18.565 0.035 4.60 564.0
2456168.52397 18.491 0.039 3.96 1250.0
2456169.53221 18.557 0.036 4.97 512.0
2456169.70069 18.717 0.059 6.41 835.0
2456171.67419 18.614 0.050 5.84 714.0
2456172.63563 18.478 0.028 4.35 457.0
2456174.60137 18.421 0.043 6.94 481.0
2456175.58515 18.526 0.035 5.46 435.0
2456179.57277 18.542 0.042 6.47 394.0
2456180.56272 18.625 0.041 5.98 412.0
2456181.52333 18.571 0.032 4.62 430.0
2456182.52481 18.528 0.029 5.04 338.0
2456183.56995 18.497 0.025 4.10 336.0
2456184.62125 18.477 0.029 5.82 294.0
2456185.50975 18.472 0.023 4.18 304.0
2456186.53940 18.588 0.034 5.34 325.0
2456190.57567 18.518 0.027 4.17 396.0
2456191.61326 18.615 0.032 4.70 356.0
2456195.54889 18.607 0.034 4.42 493.0
2456195.62462 18.428 0.033 4.51 669.0
2456196.54575 18.639 0.041 4.78 565.0
2456196.62467 18.400 0.041 5.94 694.0
2456197.54744 18.574 0.043 5.44 551.0
2456198.55360 18.490 0.045 6.19 543.0
2456200.59047 18.616 0.062 7.01 623.0
2456201.53028 18.403 0.050 7.76 477.0
2456203.51925 18.479 0.035 5.63 425.0
2456203.61071 18.453 0.054 7.32 665.0
2456204.56214 18.518 0.035 4.98 476.0
2456205.50348 18.560 0.034 5.24 382.0
2456205.58456 18.443 0.030 5.34 354.0
2456208.53044 18.480 0.035 5.70 403.0
2456209.57980 18.467 0.040 6.41 437.0
2456210.55558 18.367 0.031 6.00 406.0
2456211.50628 18.567 0.031 4.49 395.0
2456211.58709 18.424 0.031 5.23 412.0
2456212.50575 18.561 0.032 4.35 445.0
2456212.58117 18.459 0.030 4.27 525.0
2456213.53502 18.520 0.036 5.50 394.0
2456214.51410 18.541 0.035 5.53 377.0
2456214.57500 18.482 0.039 6.41 418.0
2456216.51486 18.451 0.033 5.36 411.0
2456216.57656 18.457 0.038 6.04 467.0
2456217.53795 18.467 0.026 3.93 365.0
2456218.52254 18.487 0.036 5.19 471.0
2456219.54120 18.426 0.029 5.24 348.0
2456221.52569 18.358 0.058 6.40 1192.0
2456221.55288 18.518 0.063 6.37 1074.0
2456223.57471 18.305 0.038 6.04 737.0
2456226.51642 18.452 0.053 6.92 641.0
2456231.52142 18.388 0.045 5.80 781.0
2456233.54731 18.416 0.044 7.39 536.0
2456238.52420 18.304 0.041 6.11 651.0
2456334.88605 17.562 0.015 5.09 433.0
2456335.86303 17.513 0.013 5.16 347.0
2456337.87583 17.501 0.015 5.99 356.0
2456338.85339 17.526 0.014 5.65 338.0
2456339.84865 17.530 0.012 4.69 330.0
2456340.86838 17.534 0.013 5.30 302.0
2456342.83564 17.511 0.016 6.57 349.0
2456343.88053 17.523 0.016 5.29 372.0
2456344.87418 17.569 0.012 4.24 304.0
2456345.89834 17.548 0.019 4.27 1059.0
2456347.89565 17.605 0.015 5.57 343.0
2456348.89576 17.570 0.015 4.83 522.0
2456350.82567 17.591 0.016 5.41 509.0
2456351.82427 17.689 0.022 6.66 479.0
2456352.82314 17.674 0.018 5.61 511.0
2456353.79156 17.689 0.017 4.83 499.0
2456353.89993 17.717 0.016 5.30 465.0
2456358.83059 17.718 0.017 5.39 419.0
2456360.82207 17.796 0.014 4.28 331.0
2456361.80711 17.822 0.014 4.07 343.0
2456361.88591 17.845 0.017 5.48 315.0
2456362.86901 17.846 0.016 4.78 297.0
2456363.79736 17.822 0.017 5.16 342.0
2456363.89705 17.869 0.015 4.93 323.0
2456367.89620 17.933 0.015 4.68 274.0
2456368.84738 17.963 0.017 4.65 289.0
2456369.77649 17.941 0.018 4.88 323.0
2456369.86763 17.990 0.016 4.71 277.0
2456370.81906 17.992 0.016 4.68 312.0
2456370.90167 17.943 0.018 5.08 323.0
2456371.83271 18.013 0.018 5.12 260.0
2456371.91497 17.964 0.021 4.70 674.0
2456372.82516 17.984 0.016 4.59 298.0
2456372.90923 17.997 0.020 6.06 387.0
2456373.84215 17.955 0.018 5.41 300.0
2456374.75965 17.926 0.021 5.78 410.0
2456374.84906 17.995 0.019 5.78 301.0
2456375.75868 18.020 0.017 3.96 392.0
2456375.86371 18.012 0.016 5.85 270.0
2456376.76796 18.009 0.020 4.55 463.0
2456376.85965 18.075 0.019 4.93 375.0
2456377.78194 18.054 0.017 3.75 449.0
2456377.87185 18.099 0.015 3.02 394.0
2456378.77828 18.040 0.019 3.85 600.0
2456378.86859 18.064 0.017 3.35 519.0
2456379.77488 18.030 0.023 4.86 645.0
2456379.86357 18.094 0.021 4.58 529.0
2456380.76608 18.121 0.019 3.66 509.0
2456380.86882 18.082 0.020 4.76 448.0
2456381.78712 18.160 0.020 3.77 484.0
2456381.87502 18.098 0.017 3.76 407.0
2456382.78092 18.104 0.029 6.15 521.0
2456382.86030 18.105 0.023 5.02 483.0
2456386.77396 18.128 0.021 5.10 334.0
2456386.87716 18.146 0.023 5.90 320.0
2456387.77263 18.147 0.017 4.38 273.0
2456387.85596 18.135 0.019 4.82 286.0
2456388.79659 18.212 0.020 4.84 281.0
2456388.91012 18.168 0.021 5.60 369.0
2456389.77496 18.181 0.020 4.84 308.0
2456389.85463 18.130 0.020 4.80 322.0
2456390.73031 18.211 0.022 4.95 333.0
2456390.81227 18.182 0.020 4.94 318.0
2456390.90374 18.202 0.021 5.19 314.0
2456391.84821 18.160 0.023 6.81 345.0
2456393.84668 18.209 0.022 5.59 340.0
2456394.80978 18.203 0.026 5.88 340.0
2456395.76190 18.273 0.021 3.97 384.0
2456396.71158 18.240 0.021 4.73 397.0
2456396.89206 18.153 0.018 3.93 342.0
2456397.83691 18.260 0.019 4.22 306.0
2456398.75452 18.355 0.024 4.47 301.0
2456398.92536 18.301 0.025 3.74 624.0
2456399.84703 18.300 0.028 6.14 304.0
2456400.82885 18.296 0.022 4.91 292.0
2456401.77057 18.288 0.020 4.23 299.0
2456402.69509 18.233 0.026 5.48 406.0
2456402.86778 18.325 0.026 5.05 349.0
2456403.77399 18.304 0.020 4.34 329.0
2456404.71615 18.266 0.023 4.36 460.0
2456404.89494 18.327 0.027 5.51 345.0
2456405.83916 18.270 0.025 4.26 675.0
2456405.90454 18.277 0.019 3.69 353.0
2456406.92434 18.336 0.023 4.16 422.0
2456407.84040 18.350 0.028 4.62 537.0
2456408.78449 18.258 0.034 5.62 605.0
2456409.89814 18.399 0.037 4.83 795.0
2456415.84781 18.369 0.038 7.55 319.0
2456416.75407 18.355 0.027 5.46 348.0
2456417.67901 18.407 0.037 6.76 408.0
2456417.84242 18.446 0.033 5.39 411.0
2456418.70131 18.439 0.030 5.02 388.0
2456418.86550 18.428 0.021 3.54 312.0
2456419.75069 18.381 0.024 5.05 304.0
2456419.92641 18.404 0.025 3.62 429.0
2456420.76611 18.390 0.021 4.42 268.0
2456421.79397 18.323 0.024 5.13 322.0
2456422.73839 18.367 0.022 4.50 316.0
2456423.69606 18.496 0.032 5.17 432.0
2456423.89455 18.435 0.026 4.04 457.0
2456424.75610 18.358 0.022 4.51 375.0
2456426.61532 18.449 0.030 6.09 337.0
2456426.85543 18.395 0.020 3.85 340.0
2456427.87424 18.396 0.021 4.13 527.0
2456428.64657 18.416 0.034 6.78 376.0
2456428.84204 18.510 0.032 5.49 394.0
2456431.64069 18.502 0.035 6.46 434.0
2456431.82941 18.418 0.025 4.65 371.0
2456432.66677 18.458 0.034 6.49 380.0
2456432.85097 18.406 0.023 4.29 347.0
2456433.65567 18.401 0.031 6.59 362.0
2456433.85174 18.562 0.030 5.14 484.0
2456434.74915 18.476 0.027 4.62 453.0
2456434.93556 18.482 0.036 5.40 567.0
2456435.58820 18.408 0.048 7.09 701.0
2456435.79130 18.452 0.027 4.01 546.0
2456436.59195 18.406 0.039 5.62 795.0
2456436.78243 18.383 0.029 4.18 728.0
2456436.94811 18.411 0.055 3.81 3115.0
2456437.87785 18.470 0.050 4.31 1635.0
2456441.71603 18.492 0.040 6.29 509.0
2456441.81825 18.403 0.035 5.46 620.0
2456442.59911 18.416 0.027 4.87 447.0
2456442.78311 18.486 0.024 4.44 360.0
2456442.94335 18.494 0.054 5.88 1110.0
2456443.62464 18.559 0.035 7.12 519.0
2456444.70406 18.562 0.039 6.82 342.0
2456444.80221 18.398 0.026 4.78 382.0
2456445.59972 18.457 0.033 6.20 386.0
2456445.80643 18.499 0.027 4.35 425.0
2456446.59043 18.459 0.024 4.84 333.0
2456446.78178 18.498 0.022 4.11 346.0
2456447.56760 18.452 0.027 4.70 380.0
2456447.75061 18.456 0.025 4.68 322.0
2456447.91669 18.430 0.026 4.99 407.0
2456448.67954 18.499 0.028 5.69 316.0
2456448.86496 18.475 0.028 4.45 433.0
2456449.64091 18.475 0.033 6.31 330.0
2456449.82502 18.431 0.026 4.50 353.0
2456450.59081 18.461 0.028 4.78 396.0
2456450.77491 18.511 0.023 3.62 385.0
2456450.93436 18.454 0.034 5.58 579.0
2456451.71605 18.490 0.028 4.97 376.0
2456451.89239 18.396 0.032 6.01 396.0
2456452.66893 18.540 0.025 4.82 294.0
2456452.90668 18.491 0.029 5.28 383.0
2456454.67853 18.491 0.023 4.39 291.0
2456454.86342 18.477 0.026 4.63 333.0
2456455.70593 18.587 0.025 4.77 357.0
2456456.64513 18.494 0.018 3.60 265.0
2456456.83137 18.506 0.024 4.02 357.0
2456457.80482 18.521 0.024 4.10 328.0
2456458.58817 18.529 0.034 5.84 376.0
2456458.77319 18.570 0.025 3.82 375.0
2456459.53396 18.511 0.035 4.86 611.0
2456459.73137 18.496 0.022 4.13 300.0
2456459.89601 18.423 0.033 5.93 470.0
2456460.79442 18.566 0.027 4.34 501.0
2456461.65355 18.416 0.029 5.29 447.0
2456461.87504 18.453 0.031 4.76 497.0
2456462.81940 18.485 0.031 5.25 399.0
2456463.59332 18.510 0.037 5.69 500.0
2456463.78438 18.526 0.029 4.12 508.0
2456464.60207 18.527 0.038 4.70 632.0
2456464.79317 18.595 0.041 4.82 687.0
2456468.58837 18.529 0.037 5.38 625.0
2456468.80202 18.499 0.034 4.61 647.0
2456469.66313 18.539 0.035 5.66 459.0
2456471.58086 18.542 0.043 7.81 325.0
2456472.64544 18.612 0.036 6.49 289.0
2456472.83105 18.605 0.044 6.63 443.0
2456473.60803 18.640 0.027 4.51 283.0
2456473.79268 18.537 0.030 5.07 366.0
2456474.55498 18.556 0.035 5.98 395.0
2456474.73634 18.516 0.030 5.29 376.0
2456475.51703 18.614 0.040 6.48 403.0
2456475.72147 18.569 0.031 4.82 375.0
2456476.48746 18.472 0.040 5.58 544.0
2456476.67529 18.637 0.035 5.44 362.0
2456476.83938 18.541 0.041 7.26 423.0
2456477.65597 18.548 0.032 5.80 303.0
2456478.51673 18.468 0.040 7.11 422.0
2456479.58173 18.550 0.029 5.51 311.0
2456479.79793 18.506 0.036 6.94 324.0
2456480.67996 18.540 0.028 5.65 301.0
2456481.48723 18.496 0.034 5.96 451.0
2456481.73027 18.589 0.035 6.25 320.0
2456483.59955 18.581 0.029 5.13 325.0
2456484.56435 18.584 0.035 6.10 366.0
2456485.69090 18.540 0.026 4.99 297.0
2456486.61290 18.507 0.027 5.46 298.0
2456486.81534 18.612 0.031 4.73 370.0
2456487.60348 18.594 0.024 4.49 289.0
2456487.80596 18.492 0.024 4.06 415.0
2456489.65505 18.533 0.029 5.09 301.0
2456490.49733 18.682 0.037 4.88 429.0
2456490.68442 18.527 0.026 4.31 351.0
2456491.52818 18.643 0.038 5.40 434.0
2456491.74684 18.617 0.031 4.04 422.0
2456492.56369 18.504 0.038 6.33 460.0
2456492.75066 18.432 0.032 4.63 547.0
2456496.58275 18.438 0.057 7.68 709.0
2456497.68837 18.610 0.041 7.21 447.0
2456498.51497 18.526 0.025 4.87 334.0
2456498.69433 18.535 0.031 5.28 390.0
2456499.52928 18.605 0.028 4.85 319.0
2456500.68270 18.516 0.038 6.56 408.0
2456501.66733 18.654 0.029 4.94 276.0
2456504.68299 18.585 0.027 4.84 280.0
2456505.58135 18.610 0.034 5.88 318.0
2456505.77887 18.517 0.047 7.20 512.0
2456506.72596 18.434 0.036 7.06 336.0
2456508.48365 18.562 0.039 6.61 371.0
2456508.67558 18.568 0.028 5.12 308.0
2456509.59912 18.598 0.021 3.21 299.0
2456509.76470 18.644 0.042 6.82 447.0
2456510.65718 18.585 0.024 4.28 310.0
2456511.61724 18.585 0.030 5.57 308.0
2456514.48002 18.763 0.043 6.07 394.0
2456514.73177 18.546 0.025 4.16 375.0
2456515.71996 18.529 0.023 4.30 310.0
2456516.67422 18.596 0.037 7.07 282.0
2456518.67957 18.517 0.025 4.40 332.0
2456519.63334 18.564 0.027 3.70 444.0
2456523.55614 18.615 0.031 3.93 539.0
2456524.66779 18.625 0.039 4.81 667.0
2456525.67535 18.725 0.055 5.94 679.0
2456529.55600 18.592 0.034 5.86 473.0
2456531.50845 18.596 0.033 5.41 347.0
2456532.51019 18.622 0.032 5.56 322.0
2456533.52529 18.698 0.042 5.77 413.0
2456534.59981 18.603 0.030 4.90 347.0
2456536.57098 18.557 0.025 4.33 343.0
2456538.61251 18.628 0.033 5.67 310.0
2456543.53470 18.589 0.030 4.94 345.0
2456544.57268 18.585 0.028 5.20 285.0
2456545.62102 18.575 0.029 5.63 306.0
2456547.58923 18.465 0.051 6.80 678.0
2456555.55121 18.623 0.049 6.21 488.0
2456558.52764 18.618 0.028 4.39 382.0
2456559.56728 18.567 0.031 5.22 390.0
2456560.62744 18.678 0.041 5.97 457.0
2456562.57796 18.562 0.027 4.39 311.0
2456563.59426 18.562 0.036 6.03 345.0
2456564.52719 18.608 0.031 5.13 360.0
2456565.49588 18.745 0.046 6.07 430.0
2456565.59398 18.668 0.034 5.00 384.0
2456567.56684 18.723 0.048 6.12 407.0
2456568.56369 18.645 0.041 5.69 395.0
2456569.52415 18.669 0.027 3.94 346.0
2456569.60625 18.579 0.037 6.51 365.0
2456571.48930 18.602 0.043 5.79 509.0
2456571.59919 18.586 0.042 6.71 471.0
2456572.56610 18.584 0.038 5.37 410.0
2456573.53022 18.726 0.035 4.29 459.0
2456577.49587 18.625 0.071 5.68 1630.0
2456578.57988 18.668 0.040 5.92 539.0
2456579.55016 18.632 0.050 6.29 599.0
2456581.49119 18.597 0.048 5.34 758.0
2456582.51806 18.623 0.041 5.28 596.0
2456583.51550 18.699 0.066 7.27 721.0
2456584.51091 18.837 0.059 5.06 722.0
2456585.51137 18.644 0.046 5.21 588.0
2456586.53231 18.663 0.051 6.87 463.0
2456590.50218 18.637 0.046 6.08 461.0
2456592.49755 18.652 0.054 6.32 595.0
2456595.49908 18.676 0.043 5.15 549.0
